1038.0423311906593 461.0066571697819
1510.036141520555 630.6559234254481
1578.036141520555 610.5763730568478
1652.036141520555 626.8571325691762
2048.4712526969943 449.13261375588723
2269.745731865266 320.4481888966123
2415.745731865266 439.5946640671856
2753.745731865266 369.5870995116174
2988.7457318652628 219.9016145507524
3126.10649899106 233.74944162869315
3491.5113956623786 624.7251907164076
3608.5113956623786 614.5320829672663
3725.5113956623786 624.500117962034
2783.6350816141935 619.010482112555
2880.6350816141935 599.6610546860879
2984.6350816141935 601.9917369955156
4039.838317274797 468.0227173463078
4283.838317274797 353.53030011378786
4747.838317274797 354.3572774989321
