976.9998839924519 504.99641284416964 100.0 14.0
2001.9680727848618 504.98606181817325 100.0 14.0
2219.9680727848618 356.98606181817325 100.0 14.0
2359.9508083044093 469.0657034710514 100.0 14.0
2705.588001214117 390.3922966802186 100.0 14.0
3580.74574369299 545.4546784948877 100.0 14.0
2932.7457444596857 278.4546885318032 280.0 14.0
2514.597576063161 536.4931421326714 875.0 14.0
3995.6926336129186 530.4546885274153 100 14
4241.692633612918 405.4546885274153 100 14
4642.745745608941 230.45468852743656 210 14
4693.745745608941 129.45468852743656 14 44
4575.745730438368 395.45463985551964 310 14
4801.745708149901 128.45468117941323 14 44
