865.9999831920018 538.9994802673639 100 14
1096.9999831920018 419.9994802673639 100 14
1314.9999831920018 304.9994802673639 100 14
871.0707737748908 379.8647576575654 75 14
714.0707737748908 285.8647576575654 90 14
990.0707737748908 274.8647576575654 90 14
1321.0707737748908 163.86475765756538 90 14
1808.3322297432676 556.0979607620515 465 14
2447.332229743265 580.0979607620511 14 14
2449.332229743265 494.09796076205106 14 14
2448.332229743265 402.09796076205106 14 14
2485.3322296172582 362.0979577616965 210 14
2452.3322296172582 312.0979577616965 14 14
