907.0923199693609 598.0001995888942
907.0923199693609 486.66623805419084
2263.2362610146038 627.5747091285116
2262.2362610146038 515.6743668629387
2086.0046264732637 619.4463778914034
2342.05952918836 136.89121207517715
2342.05952918836 136.89121207517715
1878.0595291883599 124.61683631623401
1798.0595291883599 78.0871271234393
3363.9244565342024 144.48983864941923
3232.9244565342024 225.51356674951026
2717.9244565342024 318.0421188637591
2829.9256830577524 632.4753879708932
2964.9256830577524 532.6845582971936
6020.924442180547 211.6784576542155
6020.924442180547 211.6784576542155
6020.924442180547 211.6784576542155
6020.924442180547 211.6784576542155
6020.924442180547 211.6784576542155
6019.924442180547 211.6784576542155
6019.924442180547 211.6784576542155
6019.924442180547 211.6784576542155
6019.924442180547 211.6784576542155
5120.924442180547 298.3350354197083
5146.924442180547 364.61959116560155
5169.924442180547 476.11541434865654
5096.924442180547 516.3090563338957
5599.924442180547 634.0324358600778
5162.924442180547 629.4714352303865
4194.924442180547 608.2434613840605
3933.9244564981027 585.2434613372568
3526.9244564981027 620.8325486041753
2931.235761516249 138.62828454585264
3109.235761516249 153.62828454585264
3568.235761516249 139.62828454585264
