1017.0923199693609 569.9944844182896 124.0 14.0
1995.9868169649046 409.0053004858997 185.0 14.0
1799.9868152382462 166.00528870236303 190.0 14.0
2535.776744027451 354.6883868781162 210.0 14.0
2089.988407165392 72.00325401594192 3035.0 14.0
2841.9244565342024 240.67845770588877 380.0 14.0
3219.9244565342024 239.67845770588877 445.0 14.0
3193.753957185845 580.3718873240018 144.0 14.0
5119.637556334859 635.5175354375009 100.0 14.0
5073.637556334859 470.5175354375009 235.0 14.0
4975.637556334859 306.5175354375009 235.0 14.0
5053.969292114728 236.36826247849774 450.0 14.0
4768.969292114728 377.36826247849774 420.0 14.0
5016.969292114728 535.3682624784977 420.0 14.0
5497.73366939327 235.6705708444009 565.0 14.0
