817.0923199693609 650.0 3 0.0
905.0923199693609 650.0 3 0.0
993.0923199693609 650.0 8 0.0
1283.092319969361 648.9944844182896 24 0.0
1803.8258455037087 184.84657821949855 6 1.0
2233.9871205878026 67.00490974577336 3 0.0
2395.9871205878026 68.00490974577336 3 0.0
2549.9871205878026 68.00490974577336 3 0.0
2735.9871205878026 69.00490974577336 3 0.0
2919.9871205878026 68.00490974577336 3 0.0
5636.924456534202 647.6784577058888 50 0.0
3196.9244565342024 87.67845770588877 3 1.0
3755.9244565342024 90.67845770588877 3 1.0
2902.8967167691444 234.3664354955068 2 0.0
3078.8967167691444 235.3664354955068 2 0.0
3331.8967167691444 235.3664354955068 2 0.0
3538.8967167691444 235.3664354955068 2 0.0
3603.5763443536475 648.9133603708265 14 0.0
4017.924399141354 648.6783173630563 3 0.0
4247.924456498103 646.6784576074117 3 0.0
4537.924456498103 647.6784576074117 3 0.0
4776.924456498103 391.6784576074117 13 1.0
5194.924456498103 247.67845760741173 13 1.0
