5903.515018218895 183.84793634350845
840.6778648417776 586.0760794779687
1783.4454263661814 469.28168742798164
1991.4454263661814 366.5326593594589
2185.0211376055386 467.8568967757563
2821.7750253877666 612.7751263466196
2996.4148672231954 508.71983288482073
3168.4148672231954 394.05222437311187
3355.4148672231954 259.29283402647866
3676.059450565837 122.09428490890787
3675.4276776777897 204.63230886461437
3675.4276776777897 306.510796733044
3675.4276776777897 403.79579574278677
3675.4276776777897 510.66656010837994
3675.4276776777897 604.6836135353155
4279.59358046073 610.1225825226403
4284.59358046073 423.1569402712621
4284.59358046073 281.80419784151985
4291.59358046073 137.4210101886241
5400.593185335093 390.71604507612403
4904.593185335093 224.0329130651516
5671.592985715233 162.3167308943562
5567.592985715233 284.71987375013185
1484.9556887041117 627.0015550369335
2577.442719148923 389.66137423761177
