1732.7455176283092 520.5924004029405 100.0 14.0
1946.7455176283092 387.5924004029405 100.0 14.0
2140.7455176283092 481.5924004029405 100.0 14.0
2199.0841512005827 159.35623394600367 275.0 14.0
2502.1321544604443 411.32236019910397 150.0 14.0
2952.6618977809007 521.652416672773 100.0 14.0
3123.6618977809007 400.65241667277303 100.0 14.0
3304.6618977809007 278.65241667277303 100.0 14.0
3719.7989879745196 477.0823239517315 125.0 14.0
4236.648139046905 506.47535500377967 100.0 14.0
4233.648139046905 352.47535500377967 100.0 14.0
4240.648139046905 199.47535500377967 100.0 14.0
4853.66545681315 247.5338725658844 100.0 14.0
4984.616198827131 301.40536726677175 100.0 14.0
5095.616198827131 348.40536726677175 100.0 14.0
5219.616198827131 394.40536726677175 100.0 14.0
5354.616198827131 449.40536726677175 100.0 14.0
5660.616198827131 182.40536726677175 35.0 50.0
5889.616198827131 236.40536726677175 35.0 50.0
