935.9461465999162 650.0 3 0.0
2203.0841512005827 177.35623394600367 9 1.0
1720.4586758960768 650.0 32 0.0
3718.6618977809007 474.65241667277303 4 0.0
3849.6604988183926 191.6512989285266 1 0.0
3849.6604988183926 191.6512989285266 1 0.0
3849.6604988183926 191.6512989285266 1 0.0
3849.6604988183926 191.6512989285266 1 0.0
3500.1199219474984 480.5576368480656 4 0.0
4379.648139046905 650.0 14 0.0
4800.616198827131 650.0 28 0.0
5691.616198827131 307.40536726677175 6 1.0
5692.616198827131 477.40536726677175 6 0.0
1169.9556887041117 650 9 0
