1266.999997761854 284.9999999999996 5 1.0
959.9999999729453 646.9999999999995 14 0.0
1669.9519785782513 647.9997484420917 33 0.0
2659.9519785782513 647.9997484420917 4 0.0
2780.9519785782513 647.9997484420917 27 0.0
3717.9519785782513 502.99974844209163 1 0.0
3733.9519785782513 471.99974844209163 1 0.0
3718.9519785782513 441.99974844209163 1 0.0
3732.9519785782513 413.99974844209163 1 0.0
3718.9519785782513 385.99974844209163 1 0.0
3733.9519785782513 473.99974844209163 1 1.0
3733.9519785782513 412.99974844209163 1 1.0
3718.9519785782513 385.99974844209163 1 1.0
3717.9519785782513 441.99974844209163 1 1.0
3733.9519785782513 355.99974844209163 1 1.0
3734.8681126577576 352.979742894398 1 0.0
3718.8681126577576 324.979742894398 1 1.0
3719.8681126577576 322.979742894398 1 0.0
3735.8681126577576 293.979742894398 1 1.0
3736.8681126577576 291.979742894398 1 0.0
3718.8681126577576 262.979742894398 1 1.0
3750.8681126577576 502.979742894398 1 0.0
3750.8681126577576 441.979742894398 1 0.0
3752.8681126577576 384.979742894398 1 0.0
3753.8681126577576 321.979742894398 1 0.0
3753.8681126577576 261.979742894398 1 1.0
3754.8681126577576 323.979742894398 1 1.0
3752.8681126577576 385.979742894398 1 1.0
3750.8681126577576 441.979742894398 1 1.0
3770.8681126577576 647.979742894398 1 0.0
