1467.9761581865932 4.4104093689734825
1915.5198449384015 58.20499107426044
1987.5198449384015 65.81833350162206
4323.115710038483 -85.46018643830269
4059.1157100384826 33.539813561697315
4061.1157100384826 202.53981356169731
4066.1157100384826 361.5398135616973
3850.1157100384826 478.5398135616973
3652.1157100384826 611.5398135616973
3385.1157100384826 558.5398135616973
3093.1157100384826 563.5398135616973
2792.1157100384826 560.2059865109312
2463.1157100384826 552.6073850246062
2219.1157100384826 555.5398135616973
2224.1157100384826 354.9079051657748
2099.1157100384826 193.51681851841263
2214.1157100384826 197.90790516577482
1725.1157100384826 -75.46018643830269
1723.1157100384826 0.539813561697315
1255.1157100384826 322.6073850246062
935.1157100384826 465.5327970029903
761.1157100384826 611.2957657597975
