896.5227709137831 505.3214987326129 100.0 14.0
1165.522770913783 372.3214987326129 355.0 14.0
1394.522770913783 50.321498732612895 145.0 14.0
1671.7608890408565 -41.51865473975499 100.0 14.0
1900.7608890408565 72.481345260245 100.0 14.0
2051.5198449384015 231.0601283239523 214.0 14.0
2171.2488140337146 391.65385462457436 100.0 14.0
2162.7673731611612 580.9271022408396 100.0 14.0
3802.1157100384826 519.5398135616973 100.0 14.0
4015.1157100384826 404.5398135616973 100.0 14.0
4008.1157100384826 240.53981356169731 100.0 14.0
4011.1157100384826 82.53981356169731 100.0 14.0
4269.115710038483 -29.460186438302685 100.0 14.0
