807.5903328594405 498.0657822170103
1019.5903328594405 333.6123897430409
1487.5903328594404 171.64977754817377
2276.5903328594404 71.39626373872387
2763.5903328594404 283.0672818237468
2884.5903328594404 423.8206984394098
3171.6939265087917 631.736364986094
3378.6939265087917 615.5587752403019
3504.3155509818894 438.4290261609229
3505.3155509818894 375.4388332386163
3504.3155509818894 291.6816358976304
3630.3155509818894 357.5806200833046
3694.586073283484 26.71798767958455
3760.0461056987892 509.4233348762305
3924.98339936266 194.9528763070986
3841.98339936266 17.14235681246064
3850.999909338486 -282.5021440182835
3924.999909338486 -581.540367369256
6820.1793689833075 -1750.8686213040448
5330.985253427486 237.76165243920684
5854.985253427486 -204.26870301553336
7916.045421751092 492.66796327887573
7708.045421751092 509.03491665777443
3283.0743744574283 486.3281262182145
8279.71570609668 602.6873663000977
-665.2411101229447 644.3293862262232
628.2989909816482 599.4598197025085
