760.9916400034755 552.7414943183819 100.0 14.0
1125.9993855123635 356.1781183998731 100.0 14.0
1964.6075262284267 97.93873706792502 14.0 14.0
2269.1100338222814 92.03798417098642 14.0 14.0
2582.1100338222814 93.03798417098642 14.0 14.0
3509.550569746837 477.93046140743667 14.0 14.0
3510.550569746837 405.93046140743667 14.0 14.0
3510.550569746837 337.93046140743667 14.0 14.0
3508.550569746837 271.93046140743667 14.0 14.0
3954.864890117896 244.58942541477336 14.0 14.0
3803.864890117896 -333.41057458522664 14.0 14.0
3955.864890117896 -490.41057458522664 14.0 14.0
3804.472227606544 373.08090051232546 14.0 14.0
3808.0882431952873 78.16809301843762 14.0 14.0
3953.2114250920595 -60.90223121329154 14.0 14.0
3808.2114250920595 -205.90223121329154 14.0 14.0
4730.5458128951495 544.0951824402304 100.0 14.0
5008.5458128951495 421.09518244023036 100.0 14.0
5282.5458128951495 292.09518244023036 100.0 14.0
4990.78623416532 206.3393451678847 100.0 14.0
5224.16991783269 43.05445143078305 100.0 14.0
5803.408798383978 -1.1371254352180244 100.0 14.0
6113.408798383978 -162.13712543521802 100.0 14.0
6029.533887142276 1.0175274260917604 100.0 14.0
7320.169231957527 548.9811725421367 100.0 14.0
8109.045421751098 418.25511463537924 14.0 14.0
7635.873441894006 540.6620300188956 365.0 14.0
