2610.855291055578 386.0 100.0 264.0
3015.3155562956554 536.0 100.0 114.0
3434.3155562956554 536.0 100.0 114.0
3711.550569746837 531.0 100.0 119.0
3519.550569746837 251.0 14.0 399.0
3710.864890117896 -531.4105745852266 100.0 554.0
3967.864890117896 -552.4105745852266 100.0 554.0
3967.4771984380513 1.0821270867153885 100.0 289.0
3710.0882431952873 17.168093018437617 100.0 449.0
3709.188431757122 -1083.345824663874 100.0 554.0
3966.188431757122 -1087.345824663874 100.0 554.0
5916.408798383978 -480.137125435218 100.0 334.0
6827.169563558466 -1800.0183229550526 100.0 159.0
7426.169231957527 506.0 100.0 144.0
8120.169231957527 351.0 100.0 299.0
